0x0000000000000000:30 F7 00 00 00 00 00 00 00 0A
0x000000000000000A:80 00 00 00 00 00 00 00 14
0x0000000000000013:00
0x0000000000000014:30 F8 00 00 00 00 00 00 00 01
0x000000000000001E:30 F0 00 00 00 00 00 00 00 00
0x0000000000000028:61 78
0x000000000000002A:75 00 00 00 00 00 00 00 51
0x0000000000000033:A0 3F
0x0000000000000035:20 73
0x0000000000000037:30 F8 00 00 00 00 00 00 00 01
0x0000000000000041:61 87
0x0000000000000043:80 00 00 00 00 00 00 00 14
0x000000000000004C:60 30
0x000000000000004E:B0 3F
0x0000000000000050:90
0x0000000000000051:60 70
0x0000000000000053:90










0x00000000000000D0:00 00 00 00 00 00 00 00
0x00000000000000D8:00 00 00 00 00 00 00 00
0x00000000000000E0:00 00 00 00 00 00 00 00
0x00000000000000E8:00 00 00 00 00 00 00 00
0x00000000000000F0:00 00 00 00 00 00 00 00
0x00000000000000F8:00 00 00 00 00 00 00 00
0x0000000000000100:00 00 00 00 00 00 00 00
0x0000000000000108:00 00 00 00 00 00 00 00
0x0000000000000110:00 00 00 00 00 00 00 00
0x0000000000000118:00 00 00 00 00 00 00 00
0x0000000000000120:00 00 00 00 00 00 00 00
0x0000000000000128:00 00 00 00 00 00 00 00
0x0000000000000130:00 00 00 00 00 00 00 00
0x0000000000000138:00 00 00 00 00 00 00 00
0x0000000000000140:00 00 00 00 00 00 00 00
0x0000000000000148:00 00 00 00 00 00 00 00
0x0000000000000150:00 00 00 00 00 00 00 00
0x0000000000000158:00 00 00 00 00 00 00 00
0x0000000000000160:00 00 00 00 00 00 00 00
0x0000000000000168:00 00 00 00 00 00 00 00
0x0000000000000170:00 00 00 00 00 00 00 00
0x0000000000000178:00 00 00 00 00 00 00 00
0x0000000000000180:00 00 00 00 00 00 00 00
0x0000000000000188:00 00 00 00 00 00 00 00
0x0000000000000190:00 00 00 00 00 00 00 00
0x0000000000000198:00 00 00 00 00 00 00 00
0x00000000000001A0:00 00 00 00 00 00 00 00
0x00000000000001A8:00 00 00 00 00 00 00 00
0x00000000000001B0:00 00 00 00 00 00 00 00
0x00000000000001B8:00 00 00 00 00 00 00 00
0x00000000000001C0:00 00 00 00 00 00 00 00
0x00000000000001C8:00 00 00 00 00 00 00 00










0x00000000000001D0:00 00 00 00 00 00 00 00
0x00000000000001D8:00 00 00 00 00 00 00 00
0x00000000000001E0:00 00 00 00 00 00 00 00
0x00000000000001E8:00 00 00 00 00 00 00 00
0x00000000000001F0:00 00 00 00 00 00 00 00
0x00000000000001F8:00 00 00 00 00 00 00 00
0x0000000000000200:00 00 00 00 00 00 00 00
0x0000000000000208:00 00 00 00 00 00 00 00
0x0000000000000210:00 00 00 00 00 00 00 00
0x0000000000000218:00 00 00 00 00 00 00 00
0x0000000000000220:00 00 00 00 00 00 00 00
0x0000000000000228:00 00 00 00 00 00 00 00
0x0000000000000230:00 00 00 00 00 00 00 00
0x0000000000000238:00 00 00 00 00 00 00 00
0x0000000000000240:00 00 00 00 00 00 00 00
0x0000000000000248:00 00 00 00 00 00 00 00
0x0000000000000250:00 00 00 00 00 00 00 00
0x0000000000000258:00 00 00 00 00 00 00 00
0x0000000000000260:00 00 00 00 00 00 00 00
0x0000000000000268:00 00 00 00 00 00 00 00
0x0000000000000270:00 00 00 00 00 00 00 00
0x0000000000000278:00 00 00 00 00 00 00 00
0x0000000000000280:00 00 00 00 00 00 00 00
0x0000000000000288:00 00 00 00 00 00 00 00
0x0000000000000290:00 00 00 00 00 00 00 00
0x0000000000000298:00 00 00 00 00 00 00 00
0x00000000000002A0:00 00 00 00 00 00 00 00
0x00000000000002A8:00 00 00 00 00 00 00 00
0x00000000000002B0:00 00 00 00 00 00 00 00
0x00000000000002B8:00 00 00 00 00 00 00 00
0x00000000000002C0:00 00 00 00 00 00 00 00
0x00000000000002C8:00 00 00 00 00 00 00 00
